10 8e-06 4632
10 6e-06 4628
10 7e-06 4628
10 6e-06 4632
10 6e-06 4624
10 6e-06 4628
10 6e-06 4628
1000 0.000241 4636
1000 0.000168 4648
1000 0.000165 4636
1000 0.00019 4648
1000 0.000182 4640
1000 0.000169 4652
100000 0.014756 6284
100000 0.013489 6268
100000 0.013635 6272
100000 0.018397 6284
100000 0.017631 6284
100000 0.016982 6272
10 6e-06 4632
10 1.1e-05 4636
10 6e-06 4648
10 8e-06 4636
10 6e-06 4632
10 6e-06 4628
1000 0.00014 4636
1000 0.000295 4648
1000 0.00023 4644
1000 0.000148 4724
1000 0.000136 4720
1000 0.000138 4728
100000 0.012134 6276
100000 0.011171 6280
100000 0.011978 6276
10 6e-06 4624
10 6e-06 4632
10 6e-06 4644
10 7e-06 4628
10 6e-06 4620
10 6e-06 4632
1000 0.000136 4644
1000 0.000314 4648
1000 0.000137 4644
1000 0.000137 4668
1000 0.000304 4676
1000 0.000175 4672
100000 0.012142 6272
100000 0.011241 6276
100000 0.011278 6212
10000000 1.42102 159344
10000000 1.38148 159080
10000000 1.44837 160044
10000000 1.94549 162312
10000000 1.93864 162308
10000000 1.92819 162292
10000000 1.16275 162216
10000000 2.73043 159160
10000000 2.72633 162412
10000000 3.05371 159156
10000000 2.83016 159056
10000000 1.18848 159088
