10 2e-06 4528
10 2e-06 4528
10 5e-06 4528
10 3e-06 4532
10 3e-06 4520
10 2e-06 4528
10 4e-06 4528
1000 5.3e-05 4532
1000 5.4e-05 4544
1000 5.4e-05 4536
1000 4.3e-05 4544
1000 5e-05 4536
1000 4.2e-05 4548
100000 0.258227 5788
100000 0.260071 5768
100000 0.259792 5776
100000 0.005418 5788
100000 0.005902 5784
100000 0.005617 5776
10 2e-06 4528
10 2e-06 4536
10 2e-06 4544
10 4e-06 4532
10 2e-06 4532
10 2e-06 4524
1000 4.5e-05 4532
1000 4.4e-05 4548
1000 4.5e-05 4544
1000 0.000357 4628
1000 0.000514 4624
1000 0.000531 4632
100000 0.260597 5780
100000 0.257383 5784
100000 0.262606 5776
10 2e-06 4524
10 4e-06 4528
10 3e-06 4544
10 5e-06 4528
10 2e-06 4520
10 5e-06 4532
1000 4.8e-05 4544
1000 4.8e-05 4548
1000 4.7e-05 4540
1000 0.000322 4572
1000 0.00041 4580
1000 0.000404 4576
100000 0.260201 5776
100000 0.260016 5780
100000 0.26142 5716
10000000 2627.02 83576
10000000 2624.13 83632
10000000 2601.45 83688
10000000 0.74873 122528
10000000 0.76198 122528
10000000 0.754824 122508
10000000 2614.68 86508
10000000 3100.43 83616
10000000 6250.8 117832
10000000 30792.2 83604
10000000 29575.8 83616
10000000 13339.6 83628
