10 0 4632
10 0 4628
10 0 4628
10 0 4632
10 0 4624
10 0 4628
10 1e-06 4628
1000 8.9e-05 4640
1000 2.5e-05 4652
1000 2.4e-05 4640
1000 4.4e-05 4652
1000 5e-05 4644
1000 3.8e-05 4656
100000 0.001896 6676
100000 0.001861 6660
100000 0.001859 6664
100000 0.005677 6676
100000 0.005264 6676
100000 0.005643 6664
10 0 4632
10 1e-06 4636
10 0 4648
10 0 4636
10 0 4632
10 1e-06 4628
1000 1.2e-05 4640
1000 1.1e-05 4652
1000 1.7e-05 4648
1000 1.4e-05 4728
1000 1.2e-05 4724
1000 2e-05 4732
100000 0.00072 6668
100000 0.000727 6672
100000 0.000742 6668
10 1e-06 4624
10 0 4632
10 1e-06 4644
10 0 4628
10 0 4620
10 0 4632
1000 1.9e-05 4648
1000 1.1e-05 4652
1000 1.4e-05 4648
1000 1.8e-05 4672
1000 1e-05 4680
1000 1e-05 4676
100000 0.001235 6664
100000 0.001593 6668
100000 0.000841 6604
10000000 0.214177 198412
10000000 0.195746 198148
10000000 0.221253 199112
10000000 0.711221 201380
10000000 0.688292 201376
10000000 0.684687 201360
10000000 0.10351 201284
10000000 0.212118 198228
10000000 0.236518 201480
10000000 0.246776 198224
10000000 0.252293 198124
10000000 0.105874 198156
