16 1.2e-05 4592
16 1.6e-05 4584
16 1.4e-05 4596
16 1.7e-05 4584
16 1.9e-05 4596
16 2.3e-05 4580
16 1.3e-05 4596
16 1.6e-05 4596
16 2.1e-05 4588
16 1.5e-05 4596
16 1.4e-05 4588
16 1.4e-05 4592
16 2.1e-05 4576
16 1.2e-05 4588
16 1.2e-05 4588
16 1.3e-05 4588
16 1.2e-05 4580
16 1.9e-05 4572
16 2.3e-05 4588
64 0.000393 4632
64 0.000462 4644
64 0.000412 4632
64 0.000473 4640
64 0.000483 4640
64 0.000375 4644
64 0.000497 4636
64 0.000369 4652
64 0.000484 4640
64 0.000401 4616
64 0.000379 4648
64 0.000544 4644
64 0.000395 4632
64 0.000474 4644
64 0.000454 4628
64 0.000485 4640
64 0.000376 4628
64 0.000627 4632
256 0.026909 5412
256 0.027354 5420
256 0.025785 5404
256 0.033367 5408
256 0.028518 5408
256 0.026683 5380
256 0.030535 5408
256 0.032072 5420
256 0.03036 5412
256 0.025429 5416
256 0.033138 5424
256 0.027382 5416
256 0.030449 5408
256 0.02838 5412
256 0.030615 5412
256 0.03068 5408
256 0.030955 5412
256 0.031469 5420
1024 3.419 17268
1024 3.03391 17280
1024 3.09179 17272
1024 3.02105 17268
1024 2.98517 17276
1024 3.02748 17268
1024 2.88577 17268
1024 2.11759 17276
1024 1.51282 17268
1024 1.51787 17276
1024 1.55494 17284
1024 1.46666 17272
1024 1.43004 17276
1024 1.61307 17272
1024 1.5257 17272
1024 1.55757 17276
1024 1.63263 17272
1024 1.83221 17276
