16 0.00829 4728
16 0.010593 4720
16 0.013221 4728
16 0.009157 4720
16 0.009901 4728
16 0.011484 4716
16 0.010376 4732
16 0.01008 4728
16 0.010202 4724
16 0.009905 4732
16 0.011293 4724
16 0.010362 4724
16 0.008883 4712
16 0.008318 4724
16 0.012085 4724
16 0.008699 4724
16 0.009128 4716
16 0.008195 4704
16 0.009276 4724
64 0.439869 5008
64 0.46691 5020
64 0.411364 5008
64 0.421377 5016
64 0.512082 5016
64 0.436202 5020
64 0.467725 5012
64 0.43323 5028
64 0.433697 5012
64 0.451441 4992
64 0.411858 5024
64 0.414695 5020
64 0.428453 4996
64 0.439152 5008
64 0.407831 4992
64 0.477328 5004
64 0.432913 4992
64 0.465015 4992
256 21.5386 9220
256 20.5448 9228
256 20.9031 9212
256 22.0238 9228
256 22.8176 9228
256 22.5204 9200
256 22.0449 9220
256 22.2612 9232
256 21.4365 9220
256 22.3909 9236
256 22.1337 9244
256 21.5923 9236
256 22.7547 8796
256 23.4392 8800
256 22.5139 8800
256 22.7819 8796
256 23.3084 8800
256 22.5821 8808
1024 1113.26 50468
1024 1114.43 56588
1024 1122.97 57420
1024 1123.36 47008
1024 1110.39 52120
1024 1111.95 57704
1024 426.976 56364
1024 411.198 57360
1024 411.469 57348
1024 410.171 57664
1024 411.252 57640
1024 411.686 57628
1024 410.917 57556
1024 411.369 57636
1024 410.205 58368
1024 412.088 56896
1024 416.992 57712
1024 414.908 58036
